98 -34 164 -1 -56 153 -30 70 72 -94
126 91 187 41 173 166 -88 106 82 -124 156 -116 -155 198 -137 183 37
-7 123 -36 101 23 -155 49 -34 -35 20 153 92 -47 -59 -158 -79 91 -14 146 -11 -193 -72 -183 -162 171 38 114 -112 -149 1 -191 95 -104 134 -134 128
-29 127 36 167
4 96 112 25 30 -53 77 -55 107 97 119 -146 109 13 85 80 84 -48 173 98 -107 -56 -27 -89 -177 -30 79
-69 -123 -2 100 59 118 -195 -81
-122 -68 145 50 -116 99 192 -32 3 77 45 -16
81 76 12 106 111 0 42 1 132 115 -158 -46 -149 4 -105 170 8 63 -127 20 92 61 186 -126 -97 23 -39 -154
-31 -41 67 73 -135 198 128 -37 68 199 14 21 -19 -50 135 -43 -65
 -82 103 -70 31 -113 -108 -134 64 -36 82 -167 -162 87 -144 16 -73 75 185 144 -55 -170 -151 -44 120 -35 -22 157 26 -102 -66 -174 139 -6 165 -13 -121 175 95 -72 43 7
 -187 -8   -29 33 172 -165
-120 24 -101 -87 140 -199 124 70 -139 162 -24 39 179
41 -92 183 130 -83 94 47 -25 10 126 171 -138 -91 -11 44 -33 -150 91 164 74 -132 -184
163 38 -21 -156 -130 125 11 -136 -166 -71 194 -115 52 -111 -86 -152 152 -42
-103 178 196 69 142 121 -95 -143 -96 117 -61 35 17 -196 -15 159 9 -192 197 -7 -112 184 166 -168 -117
-54 187 88 181 174 1 -124 78
153 60 -57 -17 190 18 -176 83 -58 168 -193 -4 -52 -38 156 -94 -26 116 -99 29 86 177 -200 -109
110 -175